8
4294967295	4294967295	4294967295	13			4294967295	4294967295	4294967295	4294967295
4294967295	4294967295	4294967295	5			4294967295	4294967295	4294967295	3
4294967295	4294967295	4294967295	4294967295	4294967295	4294967295	4294967295	14
13			5			4294967295	4294967295	7			4			4			4294967295
4294967295	4294967295	4294967295	7			4294967295	4294967295	4294967295	4294967295
4294967295	4294967295	4294967295	4			4294967295	4294967295	4294967295	4294967295
4294967295	4294967295	4294967295	4			4294967295	4294967295	4294967295	4294967295
4294967295	3			14			4294967295	4294967295	4294967295	4294967295	4294967295



