8
4294967295 		10		4294967295	4294967295	4294967295	4294967295	4294967295	4294967295
10	 		4294967295	4294967295	4294967295	4294967295	30		10		4294967295
4294967295 		4294967295	4294967295	20		30		4294967295	4294967295	50
4294967295 		4294967295	20		4294967295	4294967295	4294967295	4294967295	4294967295
4294967295 		4294967295	30		4294967295	4294967295	4294967295	4294967295	4294967295
4294967295 		30		4294967295	4294967295	4294967295	4294967295	4294967295	4294967295
4294967295 		10		4294967295	4294967295	4294967295	4294967295	4294967295	30
4294967295 		4294967295	50		4294967295	4294967295	4294967295	30		4294967295


